solid STL generated by MeshLab
  facet normal 3.568216e-001 9.341726e-001 0.000000e+000
    outer loop
      vertex  4.009681e-001 9.160920e-001 0.000000e+000
      vertex  3.341401e-001 9.416180e-001 -4.130198e-002
      vertex  3.341401e-001 9.416180e-001 4.130198e-002
    endloop
  endfacet
  facet normal -3.568216e-001 9.341726e-001 0.000000e+000
    outer loop
      vertex  -4.009681e-001 9.160920e-001 0.000000e+000
      vertex  -3.341401e-001 9.416180e-001 4.130198e-002
      vertex  -3.341401e-001 9.416180e-001 -4.130198e-002
    endloop
  endfacet
  facet normal 3.568216e-001 -9.341726e-001 0.000000e+000
    outer loop
      vertex  4.009681e-001 -9.160920e-001 0.000000e+000
      vertex  3.341401e-001 -9.416180e-001 4.130198e-002
      vertex  3.341401e-001 -9.416180e-001 -4.130198e-002
    endloop
  endfacet
  facet normal -3.568216e-001 -9.341726e-001 0.000000e+000
    outer loop
      vertex  -4.009681e-001 -9.160920e-001 0.000000e+000
      vertex  -3.341401e-001 -9.416180e-001 -4.130198e-002
      vertex  -3.341401e-001 -9.416180e-001 4.130198e-002
    endloop
  endfacet
  facet normal 9.341726e-001 0.000000e+000 -3.568216e-001
    outer loop
      vertex  9.160920e-001 0.000000e+000 -4.009681e-001
      vertex  9.416180e-001 4.130198e-002 -3.341401e-001
      vertex  9.416180e-001 -4.130198e-002 -3.341401e-001
    endloop
  endfacet
  facet normal 9.341726e-001 0.000000e+000 3.568216e-001
    outer loop
      vertex  9.160920e-001 0.000000e+000 4.009681e-001
      vertex  9.416180e-001 -4.130198e-002 3.341401e-001
      vertex  9.416180e-001 4.130198e-002 3.341401e-001
    endloop
  endfacet
  facet normal -9.341726e-001 0.000000e+000 3.568216e-001
    outer loop
      vertex  -9.160920e-001 0.000000e+000 4.009681e-001
      vertex  -9.416180e-001 4.130198e-002 3.341401e-001
      vertex  -9.416180e-001 -4.130198e-002 3.341401e-001
    endloop
  endfacet
  facet normal -9.341726e-001 0.000000e+000 -3.568216e-001
    outer loop
      vertex  -9.160920e-001 0.000000e+000 -4.009681e-001
      vertex  -9.416180e-001 -4.130198e-002 -3.341401e-001
      vertex  -9.416180e-001 4.130198e-002 -3.341401e-001
    endloop
  endfacet
  facet normal 0.000000e+000 -3.568216e-001 9.341726e-001
    outer loop
      vertex  0.000000e+000 -4.009681e-001 9.160920e-001
      vertex  4.130198e-002 -3.341401e-001 9.416180e-001
      vertex  -4.130198e-002 -3.341401e-001 9.416180e-001
    endloop
  endfacet
  facet normal 0.000000e+000 3.568216e-001 9.341726e-001
    outer loop
      vertex  0.000000e+000 4.009681e-001 9.160920e-001
      vertex  -4.130198e-002 3.341401e-001 9.416180e-001
      vertex  4.130198e-002 3.341401e-001 9.416180e-001
    endloop
  endfacet
  facet normal 0.000000e+000 3.568216e-001 -9.341726e-001
    outer loop
      vertex  0.000000e+000 4.009681e-001 -9.160920e-001
      vertex  4.130198e-002 3.341401e-001 -9.416180e-001
      vertex  -4.130198e-002 3.341401e-001 -9.416180e-001
    endloop
  endfacet
  facet normal 0.000000e+000 -3.568216e-001 -9.341726e-001
    outer loop
      vertex  0.000000e+000 -4.009681e-001 -9.160920e-001
      vertex  -4.130198e-002 -3.341401e-001 -9.416180e-001
      vertex  4.130198e-002 -3.341401e-001 -9.416180e-001
    endloop
  endfacet
  facet normal 5.773503e-001 5.773503e-001 5.773503e-001
    outer loop
      vertex  6.074780e-001 5.819520e-001 5.406500e-001
      vertex  5.406500e-001 6.074780e-001 5.819520e-001
      vertex  5.819520e-001 5.406500e-001 6.074780e-001
    endloop
  endfacet
  facet normal -5.773503e-001 5.773503e-001 5.773503e-001
    outer loop
      vertex  -5.819520e-001 5.406500e-001 6.074780e-001
      vertex  -5.406500e-001 6.074780e-001 5.819520e-001
      vertex  -6.074780e-001 5.819520e-001 5.406500e-001
    endloop
  endfacet
  facet normal 5.773503e-001 5.773503e-001 -5.773503e-001
    outer loop
      vertex  5.819520e-001 5.406500e-001 -6.074780e-001
      vertex  5.406500e-001 6.074780e-001 -5.819520e-001
      vertex  6.074780e-001 5.819520e-001 -5.406500e-001
    endloop
  endfacet
  facet normal -5.773503e-001 5.773503e-001 -5.773503e-001
    outer loop
      vertex  -6.074780e-001 5.819520e-001 -5.406500e-001
      vertex  -5.406500e-001 6.074780e-001 -5.819520e-001
      vertex  -5.819520e-001 5.406500e-001 -6.074780e-001
    endloop
  endfacet
  facet normal 5.773503e-001 -5.773503e-001 5.773503e-001
    outer loop
      vertex  5.819520e-001 -5.406500e-001 6.074780e-001
      vertex  5.406500e-001 -6.074780e-001 5.819520e-001
      vertex  6.074780e-001 -5.819520e-001 5.406500e-001
    endloop
  endfacet
  facet normal -5.773503e-001 -5.773503e-001 5.773503e-001
    outer loop
      vertex  -6.074780e-001 -5.819520e-001 5.406500e-001
      vertex  -5.406500e-001 -6.074780e-001 5.819520e-001
      vertex  -5.819520e-001 -5.406500e-001 6.074780e-001
    endloop
  endfacet
  facet normal 5.773503e-001 -5.773503e-001 -5.773503e-001
    outer loop
      vertex  6.074780e-001 -5.819520e-001 -5.406500e-001
      vertex  5.406500e-001 -6.074780e-001 -5.819520e-001
      vertex  5.819520e-001 -5.406500e-001 -6.074780e-001
    endloop
  endfacet
  facet normal -5.773503e-001 -5.773503e-001 -5.773503e-001
    outer loop
      vertex  -5.819520e-001 -5.406500e-001 -6.074780e-001
      vertex  -5.406500e-001 -6.074780e-001 -5.819520e-001
      vertex  -6.074780e-001 -5.819520e-001 -5.406500e-001
    endloop
  endfacet
  facet normal 1.747023e-001 9.386246e-001 -2.974275e-001
    outer loop
      vertex  1.990941e-001 9.444326e-001 -2.615504e-001
      vertex  1.983867e-001 9.226820e-001 -3.306065e-001
      vertex  1.325698e-001 9.478218e-001 -2.899294e-001
    endloop
  endfacet
  facet normal 1.747023e-001 9.386246e-001 2.974275e-001
    outer loop
      vertex  1.983867e-001 9.226820e-001 3.306065e-001
      vertex  1.990941e-001 9.444326e-001 2.615504e-001
      vertex  1.325698e-001 9.478218e-001 2.899294e-001
    endloop
  endfacet
  facet normal 6.559490e-001 7.548053e-001 0.000000e+000
    outer loop
      vertex  6.675025e-001 7.434958e-001 4.067707e-002
      vertex  6.675025e-001 7.434958e-001 -4.067707e-002
      vertex  6.222915e-001 7.827855e-001 0.000000e+000
    endloop
  endfacet
  facet normal -1.747023e-001 9.386246e-001 2.974275e-001
    outer loop
      vertex  -1.990941e-001 9.444326e-001 2.615504e-001
      vertex  -1.983867e-001 9.226820e-001 3.306065e-001
      vertex  -1.325698e-001 9.478218e-001 2.899294e-001
    endloop
  endfacet
  facet normal -1.747023e-001 9.386246e-001 -2.974275e-001
    outer loop
      vertex  -1.983867e-001 9.226820e-001 -3.306065e-001
      vertex  -1.990941e-001 9.444326e-001 -2.615504e-001
      vertex  -1.325698e-001 9.478218e-001 -2.899294e-001
    endloop
  endfacet
  facet normal -6.559490e-001 7.548053e-001 0.000000e+000
    outer loop
      vertex  -6.675025e-001 7.434958e-001 -4.067707e-002
      vertex  -6.675025e-001 7.434958e-001 4.067707e-002
      vertex  -6.222915e-001 7.827855e-001 0.000000e+000
    endloop
  endfacet
  facet normal 1.747023e-001 -9.386246e-001 2.974275e-001
    outer loop
      vertex  1.990941e-001 -9.444326e-001 2.615504e-001
      vertex  1.983867e-001 -9.226820e-001 3.306065e-001
      vertex  1.325698e-001 -9.478218e-001 2.899294e-001
    endloop
  endfacet
  facet normal 1.747023e-001 -9.386246e-001 -2.974275e-001
    outer loop
      vertex  1.983867e-001 -9.226820e-001 -3.306065e-001
      vertex  1.990941e-001 -9.444326e-001 -2.615504e-001
      vertex  1.325698e-001 -9.478218e-001 -2.899294e-001
    endloop
  endfacet
  facet normal 6.559490e-001 -7.548053e-001 0.000000e+000
    outer loop
      vertex  6.675025e-001 -7.434958e-001 -4.067707e-002
      vertex  6.675025e-001 -7.434958e-001 4.067707e-002
      vertex  6.222915e-001 -7.827855e-001 0.000000e+000
    endloop
  endfacet
  facet normal -1.747023e-001 -9.386246e-001 -2.974275e-001
    outer loop
      vertex  -1.990941e-001 -9.444326e-001 -2.615504e-001
      vertex  -1.983867e-001 -9.226820e-001 -3.306065e-001
      vertex  -1.325698e-001 -9.478218e-001 -2.899294e-001
    endloop
  endfacet
  facet normal -1.747023e-001 -9.386246e-001 2.974275e-001
    outer loop
      vertex  -1.983867e-001 -9.226820e-001 3.306065e-001
      vertex  -1.990941e-001 -9.444326e-001 2.615504e-001
      vertex  -1.325698e-001 -9.478218e-001 2.899294e-001
    endloop
  endfacet
  facet normal -6.559490e-001 -7.548053e-001 -0.000000e+000
    outer loop
      vertex  -6.675025e-001 -7.434958e-001 4.067707e-002
      vertex  -6.675025e-001 -7.434958e-001 -4.067707e-002
      vertex  -6.222915e-001 -7.827855e-001 0.000000e+000
    endloop
  endfacet
  facet normal 9.386244e-001 2.974284e-001 -1.747016e-001
    outer loop
      vertex  9.444326e-001 2.615504e-001 -1.990941e-001
      vertex  9.226820e-001 3.306065e-001 -1.983867e-001
      vertex  9.478218e-001 2.899294e-001 -1.325698e-001
    endloop
  endfacet
  facet normal 9.386244e-001 -2.974284e-001 -1.747016e-001
    outer loop
      vertex  9.226820e-001 -3.306065e-001 -1.983867e-001
      vertex  9.444326e-001 -2.615504e-001 -1.990941e-001
      vertex  9.478218e-001 -2.899294e-001 -1.325698e-001
    endloop
  endfacet
  facet normal 7.548043e-001 0.000000e+000 -6.559500e-001
    outer loop
      vertex  7.434958e-001 -4.067706e-002 -6.675024e-001
      vertex  7.434958e-001 4.067706e-002 -6.675024e-001
      vertex  7.827855e-001 0.000000e+000 -6.222915e-001
    endloop
  endfacet
  facet normal 9.386244e-001 -2.974284e-001 1.747016e-001
    outer loop
      vertex  9.444326e-001 -2.615504e-001 1.990941e-001
      vertex  9.226820e-001 -3.306065e-001 1.983867e-001
      vertex  9.478218e-001 -2.899294e-001 1.325698e-001
    endloop
  endfacet
  facet normal 9.386244e-001 2.974284e-001 1.747016e-001
    outer loop
      vertex  9.226820e-001 3.306065e-001 1.983867e-001
      vertex  9.444326e-001 2.615504e-001 1.990941e-001
      vertex  9.478218e-001 2.899294e-001 1.325698e-001
    endloop
  endfacet
  facet normal 7.548043e-001 0.000000e+000 6.559500e-001
    outer loop
      vertex  7.434958e-001 4.067706e-002 6.675024e-001
      vertex  7.434958e-001 -4.067706e-002 6.675024e-001
      vertex  7.827855e-001 0.000000e+000 6.222915e-001
    endloop
  endfacet
  facet normal -9.386244e-001 2.974284e-001 1.747016e-001
    outer loop
      vertex  -9.444326e-001 2.615504e-001 1.990941e-001
      vertex  -9.226820e-001 3.306065e-001 1.983867e-001
      vertex  -9.478218e-001 2.899294e-001 1.325698e-001
    endloop
  endfacet
  facet normal -9.386244e-001 -2.974284e-001 1.747016e-001
    outer loop
      vertex  -9.226820e-001 -3.306065e-001 1.983867e-001
      vertex  -9.444326e-001 -2.615504e-001 1.990941e-001
      vertex  -9.478218e-001 -2.899294e-001 1.325698e-001
    endloop
  endfacet
  facet normal -7.548043e-001 0.000000e+000 6.559500e-001
    outer loop
      vertex  -7.434958e-001 -4.067706e-002 6.675024e-001
      vertex  -7.434958e-001 4.067706e-002 6.675024e-001
      vertex  -7.827855e-001 0.000000e+000 6.222915e-001
    endloop
  endfacet
  facet normal -9.386244e-001 -2.974284e-001 -1.747016e-001
    outer loop
      vertex  -9.444326e-001 -2.615504e-001 -1.990941e-001
      vertex  -9.226820e-001 -3.306065e-001 -1.983867e-001
      vertex  -9.478218e-001 -2.899294e-001 -1.325698e-001
    endloop
  endfacet
  facet normal -9.386244e-001 2.974284e-001 -1.747016e-001
    outer loop
      vertex  -9.226820e-001 3.306065e-001 -1.983867e-001
      vertex  -9.444326e-001 2.615504e-001 -1.990941e-001
      vertex  -9.478218e-001 2.899294e-001 -1.325698e-001
    endloop
  endfacet
  facet normal -7.548043e-001 -0.000000e+000 -6.559500e-001
    outer loop
      vertex  -7.434958e-001 4.067706e-002 -6.675024e-001
      vertex  -7.434958e-001 -4.067706e-002 -6.675024e-001
      vertex  -7.827855e-001 0.000000e+000 -6.222915e-001
    endloop
  endfacet
  facet normal 2.974284e-001 -1.747016e-001 9.386244e-001
    outer loop
      vertex  2.615504e-001 -1.990941e-001 9.444326e-001
      vertex  3.306065e-001 -1.983867e-001 9.226820e-001
      vertex  2.899294e-001 -1.325698e-001 9.478218e-001
    endloop
  endfacet
  facet normal -2.974284e-001 -1.747016e-001 9.386244e-001
    outer loop
      vertex  -3.306065e-001 -1.983867e-001 9.226820e-001
      vertex  -2.615504e-001 -1.990941e-001 9.444326e-001
      vertex  -2.899294e-001 -1.325698e-001 9.478218e-001
    endloop
  endfacet
  facet normal 0.000000e+000 -6.559500e-001 7.548043e-001
    outer loop
      vertex  -4.067706e-002 -6.675024e-001 7.434958e-001
      vertex  4.067706e-002 -6.675024e-001 7.434958e-001
      vertex  0.000000e+000 -6.222915e-001 7.827855e-001
    endloop
  endfacet
  facet normal -2.974284e-001 1.747016e-001 9.386244e-001
    outer loop
      vertex  -2.615504e-001 1.990941e-001 9.444326e-001
      vertex  -3.306065e-001 1.983867e-001 9.226820e-001
      vertex  -2.899294e-001 1.325698e-001 9.478218e-001
    endloop
  endfacet
  facet normal 2.974284e-001 1.747016e-001 9.386244e-001
    outer loop
      vertex  3.306065e-001 1.983867e-001 9.226820e-001
      vertex  2.615504e-001 1.990941e-001 9.444326e-001
      vertex  2.899294e-001 1.325698e-001 9.478218e-001
    endloop
  endfacet
  facet normal 0.000000e+000 6.559500e-001 7.548043e-001
    outer loop
      vertex  4.067706e-002 6.675024e-001 7.434958e-001
      vertex  -4.067706e-002 6.675024e-001 7.434958e-001
      vertex  0.000000e+000 6.222915e-001 7.827855e-001
    endloop
  endfacet
  facet normal 2.974284e-001 1.747016e-001 -9.386244e-001
    outer loop
      vertex  2.615504e-001 1.990941e-001 -9.444326e-001
      vertex  3.306065e-001 1.983867e-001 -9.226820e-001
      vertex  2.899294e-001 1.325698e-001 -9.478218e-001
    endloop
  endfacet
  facet normal -2.974284e-001 1.747016e-001 -9.386244e-001
    outer loop
      vertex  -3.306065e-001 1.983867e-001 -9.226820e-001
      vertex  -2.615504e-001 1.990941e-001 -9.444326e-001
      vertex  -2.899294e-001 1.325698e-001 -9.478218e-001
    endloop
  endfacet
  facet normal 0.000000e+000 6.559500e-001 -7.548043e-001
    outer loop
      vertex  -4.067706e-002 6.675024e-001 -7.434958e-001
      vertex  4.067706e-002 6.675024e-001 -7.434958e-001
      vertex  0.000000e+000 6.222915e-001 -7.827855e-001
    endloop
  endfacet
  facet normal -2.974284e-001 -1.747016e-001 -9.386244e-001
    outer loop
      vertex  -2.615504e-001 -1.990941e-001 -9.444326e-001
      vertex  -3.306065e-001 -1.983867e-001 -9.226820e-001
      vertex  -2.899294e-001 -1.325698e-001 -9.478218e-001
    endloop
  endfacet
  facet normal 2.974284e-001 -1.747016e-001 -9.386244e-001
    outer loop
      vertex  3.306065e-001 -1.983867e-001 -9.226820e-001
      vertex  2.615504e-001 -1.990941e-001 -9.444326e-001
      vertex  2.899294e-001 -1.325698e-001 -9.478218e-001
    endloop
  endfacet
  facet normal -0.000000e+000 -6.559500e-001 -7.548043e-001
    outer loop
      vertex  4.067706e-002 -6.675024e-001 -7.434958e-001
      vertex  -4.067706e-002 -6.675024e-001 -7.434958e-001
      vertex  0.000000e+000 -6.222915e-001 -7.827855e-001
    endloop
  endfacet
  facet normal 2.826737e-001 7.639226e-001 5.801017e-001
    outer loop
      vertex  3.221411e-001 7.453384e-001 5.836915e-001
      vertex  2.803194e-001 7.901121e-001 5.451090e-001
      vertex  2.551796e-001 7.494351e-001 6.109259e-001
    endloop
  endfacet
  facet normal 5.801017e-001 2.826737e-001 7.639225e-001
    outer loop
      vertex  6.109259e-001 2.551796e-001 7.494351e-001
      vertex  5.836915e-001 3.221411e-001 7.453384e-001
      vertex  5.451090e-001 2.803194e-001 7.901121e-001
    endloop
  endfacet
  facet normal 7.639219e-001 5.801023e-001 2.826738e-001
    outer loop
      vertex  7.901122e-001 5.451090e-001 2.803194e-001
      vertex  7.494351e-001 6.109259e-001 2.551796e-001
      vertex  7.453384e-001 5.836915e-001 3.221411e-001
    endloop
  endfacet
  facet normal -2.826737e-001 7.639226e-001 5.801017e-001
    outer loop
      vertex  -3.221411e-001 7.453384e-001 5.836915e-001
      vertex  -2.551796e-001 7.494351e-001 6.109259e-001
      vertex  -2.803194e-001 7.901121e-001 5.451090e-001
    endloop
  endfacet
  facet normal -7.639219e-001 5.801023e-001 2.826738e-001
    outer loop
      vertex  -7.901122e-001 5.451090e-001 2.803194e-001
      vertex  -7.453384e-001 5.836915e-001 3.221411e-001
      vertex  -7.494351e-001 6.109259e-001 2.551796e-001
    endloop
  endfacet
  facet normal -5.801017e-001 2.826737e-001 7.639225e-001
    outer loop
      vertex  -6.109259e-001 2.551796e-001 7.494351e-001
      vertex  -5.451090e-001 2.803194e-001 7.901121e-001
      vertex  -5.836915e-001 3.221411e-001 7.453384e-001
    endloop
  endfacet
  facet normal 2.826737e-001 7.639226e-001 -5.801017e-001
    outer loop
      vertex  3.221411e-001 7.453384e-001 -5.836915e-001
      vertex  2.551796e-001 7.494351e-001 -6.109259e-001
      vertex  2.803194e-001 7.901121e-001 -5.451090e-001
    endloop
  endfacet
  facet normal 7.639219e-001 5.801023e-001 -2.826738e-001
    outer loop
      vertex  7.901122e-001 5.451090e-001 -2.803194e-001
      vertex  7.453384e-001 5.836915e-001 -3.221411e-001
      vertex  7.494351e-001 6.109259e-001 -2.551796e-001
    endloop
  endfacet
  facet normal 5.801017e-001 2.826737e-001 -7.639225e-001
    outer loop
      vertex  6.109259e-001 2.551796e-001 -7.494351e-001
      vertex  5.451090e-001 2.803194e-001 -7.901121e-001
      vertex  5.836915e-001 3.221411e-001 -7.453384e-001
    endloop
  endfacet
  facet normal -2.826737e-001 7.639226e-001 -5.801017e-001
    outer loop
      vertex  -3.221411e-001 7.453384e-001 -5.836915e-001
      vertex  -2.803194e-001 7.901121e-001 -5.451090e-001
      vertex  -2.551796e-001 7.494351e-001 -6.109259e-001
    endloop
  endfacet
  facet normal -5.801017e-001 2.826737e-001 -7.639225e-001
    outer loop
      vertex  -6.109259e-001 2.551796e-001 -7.494351e-001
      vertex  -5.836915e-001 3.221411e-001 -7.453384e-001
      vertex  -5.451090e-001 2.803194e-001 -7.901121e-001
    endloop
  endfacet
  facet normal -7.639219e-001 5.801023e-001 -2.826738e-001
    outer loop
      vertex  -7.901122e-001 5.451090e-001 -2.803194e-001
      vertex  -7.494351e-001 6.109259e-001 -2.551796e-001
      vertex  -7.453384e-001 5.836915e-001 -3.221411e-001
    endloop
  endfacet
  facet normal 2.826737e-001 -7.639226e-001 5.801017e-001
    outer loop
      vertex  3.221411e-001 -7.453384e-001 5.836915e-001
      vertex  2.551796e-001 -7.494351e-001 6.109259e-001
      vertex  2.803194e-001 -7.901121e-001 5.451090e-001
    endloop
  endfacet
  facet normal 7.639219e-001 -5.801023e-001 2.826738e-001
    outer loop
      vertex  7.901122e-001 -5.451090e-001 2.803194e-001
      vertex  7.453384e-001 -5.836915e-001 3.221411e-001
      vertex  7.494351e-001 -6.109259e-001 2.551796e-001
    endloop
  endfacet
  facet normal 5.801017e-001 -2.826737e-001 7.639225e-001
    outer loop
      vertex  6.109259e-001 -2.551796e-001 7.494351e-001
      vertex  5.451090e-001 -2.803194e-001 7.901121e-001
      vertex  5.836915e-001 -3.221411e-001 7.453384e-001
    endloop
  endfacet
  facet normal -2.826737e-001 -7.639226e-001 5.801017e-001
    outer loop
      vertex  -3.221411e-001 -7.453384e-001 5.836915e-001
      vertex  -2.803194e-001 -7.901121e-001 5.451090e-001
      vertex  -2.551796e-001 -7.494351e-001 6.109259e-001
    endloop
  endfacet
  facet normal -5.801017e-001 -2.826737e-001 7.639225e-001
    outer loop
      vertex  -6.109259e-001 -2.551796e-001 7.494351e-001
      vertex  -5.836915e-001 -3.221411e-001 7.453384e-001
      vertex  -5.451090e-001 -2.803194e-001 7.901121e-001
    endloop
  endfacet
  facet normal -7.639219e-001 -5.801023e-001 2.826738e-001
    outer loop
      vertex  -7.901122e-001 -5.451090e-001 2.803194e-001
      vertex  -7.494351e-001 -6.109259e-001 2.551796e-001
      vertex  -7.453384e-001 -5.836915e-001 3.221411e-001
    endloop
  endfacet
  facet normal 2.826737e-001 -7.639226e-001 -5.801017e-001
    outer loop
      vertex  3.221411e-001 -7.453384e-001 -5.836915e-001
      vertex  2.803194e-001 -7.901121e-001 -5.451090e-001
      vertex  2.551796e-001 -7.494351e-001 -6.109259e-001
    endloop
  endfacet
  facet normal 5.801017e-001 -2.826737e-001 -7.639225e-001
    outer loop
      vertex  6.109259e-001 -2.551796e-001 -7.494351e-001
      vertex  5.836915e-001 -3.221411e-001 -7.453384e-001
      vertex  5.451090e-001 -2.803194e-001 -7.901121e-001
    endloop
  endfacet
  facet normal 7.639219e-001 -5.801023e-001 -2.826738e-001
    outer loop
      vertex  7.901122e-001 -5.451090e-001 -2.803194e-001
      vertex  7.494351e-001 -6.109259e-001 -2.551796e-001
      vertex  7.453384e-001 -5.836915e-001 -3.221411e-001
    endloop
  endfacet
  facet normal -2.826737e-001 -7.639226e-001 -5.801017e-001
    outer loop
      vertex  -3.221411e-001 -7.453384e-001 -5.836915e-001
      vertex  -2.551796e-001 -7.494351e-001 -6.109259e-001
      vertex  -2.803194e-001 -7.901121e-001 -5.451090e-001
    endloop
  endfacet
  facet normal -7.639219e-001 -5.801023e-001 -2.826738e-001
    outer loop
      vertex  -7.901122e-001 -5.451090e-001 -2.803194e-001
      vertex  -7.453384e-001 -5.836915e-001 -3.221411e-001
      vertex  -7.494351e-001 -6.109259e-001 -2.551796e-001
    endloop
  endfacet
  facet normal -5.801017e-001 -2.826737e-001 -7.639225e-001
    outer loop
      vertex  -6.109259e-001 -2.551796e-001 -7.494351e-001
      vertex  -5.451090e-001 -2.803194e-001 -7.901121e-001
      vertex  -5.836915e-001 -3.221411e-001 -7.453384e-001
    endloop
  endfacet
  facet normal 1.794584e-001 9.837655e-001 0.000000e+000
    outer loop
      vertex  2.003678e-001 9.788519e-001 4.125091e-002
      vertex  2.003678e-001 9.788519e-001 -4.125091e-002
      vertex  1.335234e-001 9.910457e-001 0.000000e+000
    endloop
  endfacet
  facet normal 4.364270e-001 8.856123e-001 1.588156e-001
    outer loop
      vertex  4.542618e-001 8.685345e-001 1.982272e-001
      vertex  4.608816e-001 8.793445e-001 1.197555e-001
      vertex  3.941362e-001 9.048390e-001 1.610064e-001
    endloop
  endfacet
  facet normal 4.364270e-001 8.856123e-001 -1.588156e-001
    outer loop
      vertex  4.608816e-001 8.793445e-001 -1.197555e-001
      vertex  4.542618e-001 8.685345e-001 -1.982272e-001
      vertex  3.941362e-001 9.048390e-001 -1.610064e-001
    endloop
  endfacet
  facet normal -1.794584e-001 9.837655e-001 0.000000e+000
    outer loop
      vertex  -2.003678e-001 9.788519e-001 -4.125091e-002
      vertex  -2.003678e-001 9.788519e-001 4.125091e-002
      vertex  -1.335234e-001 9.910457e-001 0.000000e+000
    endloop
  endfacet
  facet normal -4.364270e-001 8.856123e-001 -1.588156e-001
    outer loop
      vertex  -4.542618e-001 8.685345e-001 -1.982272e-001
      vertex  -4.608816e-001 8.793445e-001 -1.197555e-001
      vertex  -3.941362e-001 9.048390e-001 -1.610064e-001
    endloop
  endfacet
  facet normal -4.364270e-001 8.856123e-001 1.588156e-001
    outer loop
      vertex  -4.608816e-001 8.793445e-001 1.197555e-001
      vertex  -4.542618e-001 8.685345e-001 1.982272e-001
      vertex  -3.941362e-001 9.048390e-001 1.610064e-001
    endloop
  endfacet
  facet normal 1.794584e-001 -9.837655e-001 0.000000e+000
    outer loop
      vertex  2.003678e-001 -9.788519e-001 -4.125091e-002
      vertex  2.003678e-001 -9.788519e-001 4.125091e-002
      vertex  1.335234e-001 -9.910457e-001 0.000000e+000
    endloop
  endfacet
  facet normal 4.364270e-001 -8.856123e-001 -1.588156e-001
    outer loop
      vertex  4.542618e-001 -8.685345e-001 -1.982272e-001
      vertex  4.608816e-001 -8.793445e-001 -1.197555e-001
      vertex  3.941362e-001 -9.048390e-001 -1.610064e-001
    endloop
  endfacet
  facet normal 4.364270e-001 -8.856123e-001 1.588156e-001
    outer loop
      vertex  4.608816e-001 -8.793445e-001 1.197555e-001
      vertex  4.542618e-001 -8.685345e-001 1.982272e-001
      vertex  3.941362e-001 -9.048390e-001 1.610064e-001
    endloop
  endfacet
  facet normal -1.794584e-001 -9.837655e-001 -0.000000e+000
    outer loop
      vertex  -2.003678e-001 -9.788519e-001 4.125091e-002
      vertex  -2.003678e-001 -9.788519e-001 -4.125091e-002
      vertex  -1.335234e-001 -9.910457e-001 0.000000e+000
    endloop
  endfacet
  facet normal -4.364270e-001 -8.856123e-001 1.588156e-001
    outer loop
      vertex  -4.542618e-001 -8.685345e-001 1.982272e-001
      vertex  -4.608816e-001 -8.793445e-001 1.197555e-001
      vertex  -3.941362e-001 -9.048390e-001 1.610064e-001
    endloop
  endfacet
  facet normal -4.364270e-001 -8.856123e-001 -1.588156e-001
    outer loop
      vertex  -4.608816e-001 -8.793445e-001 -1.197555e-001
      vertex  -4.542618e-001 -8.685345e-001 -1.982272e-001
      vertex  -3.941362e-001 -9.048390e-001 -1.610064e-001
    endloop
  endfacet
  facet normal 9.837655e-001 0.000000e+000 -1.794584e-001
    outer loop
      vertex  9.788519e-001 -4.125091e-002 -2.003678e-001
      vertex  9.788519e-001 4.125091e-002 -2.003678e-001
      vertex  9.910457e-001 0.000000e+000 -1.335234e-001
    endloop
  endfacet
  facet normal 8.856126e-001 -1.588158e-001 -4.364262e-001
    outer loop
      vertex  8.685345e-001 -1.982272e-001 -4.542618e-001
      vertex  8.793445e-001 -1.197555e-001 -4.608816e-001
      vertex  9.048389e-001 -1.610064e-001 -3.941362e-001
    endloop
  endfacet
  facet normal 8.856126e-001 1.588158e-001 -4.364262e-001
    outer loop
      vertex  8.793445e-001 1.197555e-001 -4.608816e-001
      vertex  8.685345e-001 1.982272e-001 -4.542618e-001
      vertex  9.048389e-001 1.610064e-001 -3.941362e-001
    endloop
  endfacet
  facet normal 9.837655e-001 0.000000e+000 1.794584e-001
    outer loop
      vertex  9.788519e-001 4.125091e-002 2.003678e-001
      vertex  9.788519e-001 -4.125091e-002 2.003678e-001
      vertex  9.910457e-001 0.000000e+000 1.335234e-001
    endloop
  endfacet
  facet normal 8.856126e-001 1.588158e-001 4.364262e-001
    outer loop
      vertex  8.685345e-001 1.982272e-001 4.542618e-001
      vertex  8.793445e-001 1.197555e-001 4.608816e-001
      vertex  9.048389e-001 1.610064e-001 3.941362e-001
    endloop
  endfacet
  facet normal 8.856126e-001 -1.588158e-001 4.364262e-001
    outer loop
      vertex  8.793445e-001 -1.197555e-001 4.608816e-001
      vertex  8.685345e-001 -1.982272e-001 4.542618e-001
      vertex  9.048389e-001 -1.610064e-001 3.941362e-001
    endloop
  endfacet
  facet normal -9.837655e-001 0.000000e+000 1.794584e-001
    outer loop
      vertex  -9.788519e-001 -4.125091e-002 2.003678e-001
      vertex  -9.788519e-001 4.125091e-002 2.003678e-001
      vertex  -9.910457e-001 0.000000e+000 1.335234e-001
    endloop
  endfacet
  facet normal -8.856126e-001 -1.588158e-001 4.364262e-001
    outer loop
      vertex  -8.685345e-001 -1.982272e-001 4.542618e-001
      vertex  -8.793445e-001 -1.197555e-001 4.608816e-001
      vertex  -9.048389e-001 -1.610064e-001 3.941362e-001
    endloop
  endfacet
  facet normal -8.856126e-001 1.588158e-001 4.364262e-001
    outer loop
      vertex  -8.793445e-001 1.197555e-001 4.608816e-001
      vertex  -8.685345e-001 1.982272e-001 4.542618e-001
      vertex  -9.048389e-001 1.610064e-001 3.941362e-001
    endloop
  endfacet
  facet normal -9.837655e-001 -0.000000e+000 -1.794584e-001
    outer loop
      vertex  -9.788519e-001 4.125091e-002 -2.003678e-001
      vertex  -9.788519e-001 -4.125091e-002 -2.003678e-001
      vertex  -9.910457e-001 0.000000e+000 -1.335234e-001
    endloop
  endfacet
  facet normal -8.856126e-001 1.588158e-001 -4.364262e-001
    outer loop
      vertex  -8.685345e-001 1.982272e-001 -4.542618e-001
      vertex  -8.793445e-001 1.197555e-001 -4.608816e-001
      vertex  -9.048389e-001 1.610064e-001 -3.941362e-001
    endloop
  endfacet
  facet normal -8.856126e-001 -1.588158e-001 -4.364262e-001
    outer loop
      vertex  -8.793445e-001 -1.197555e-001 -4.608816e-001
      vertex  -8.685345e-001 -1.982272e-001 -4.542618e-001
      vertex  -9.048389e-001 -1.610064e-001 -3.941362e-001
    endloop
  endfacet
  facet normal 0.000000e+000 -1.794575e-001 9.837657e-001
    outer loop
      vertex  -4.125091e-002 -2.003678e-001 9.788520e-001
      vertex  4.125091e-002 -2.003678e-001 9.788520e-001
      vertex  0.000000e+000 -1.335234e-001 9.910457e-001
    endloop
  endfacet
  facet normal -1.588158e-001 -4.364271e-001 8.856122e-001
    outer loop
      vertex  -1.982272e-001 -4.542618e-001 8.685345e-001
      vertex  -1.197555e-001 -4.608816e-001 8.793445e-001
      vertex  -1.610064e-001 -3.941362e-001 9.048390e-001
    endloop
  endfacet
  facet normal 1.588158e-001 -4.364271e-001 8.856122e-001
    outer loop
      vertex  1.197555e-001 -4.608816e-001 8.793445e-001
      vertex  1.982272e-001 -4.542618e-001 8.685345e-001
      vertex  1.610064e-001 -3.941362e-001 9.048390e-001
    endloop
  endfacet
  facet normal 0.000000e+000 1.794575e-001 9.837657e-001
    outer loop
      vertex  4.125091e-002 2.003678e-001 9.788520e-001
      vertex  -4.125091e-002 2.003678e-001 9.788520e-001
      vertex  0.000000e+000 1.335234e-001 9.910457e-001
    endloop
  endfacet
  facet normal 1.588158e-001 4.364271e-001 8.856122e-001
    outer loop
      vertex  1.982272e-001 4.542618e-001 8.685345e-001
      vertex  1.197555e-001 4.608816e-001 8.793445e-001
      vertex  1.610064e-001 3.941362e-001 9.048390e-001
    endloop
  endfacet
  facet normal -1.588158e-001 4.364271e-001 8.856122e-001
    outer loop
      vertex  -1.197555e-001 4.608816e-001 8.793445e-001
      vertex  -1.982272e-001 4.542618e-001 8.685345e-001
      vertex  -1.610064e-001 3.941362e-001 9.048390e-001
    endloop
  endfacet
  facet normal 0.000000e+000 1.794575e-001 -9.837657e-001
    outer loop
      vertex  -4.125091e-002 2.003678e-001 -9.788520e-001
      vertex  4.125091e-002 2.003678e-001 -9.788520e-001
      vertex  0.000000e+000 1.335234e-001 -9.910457e-001
    endloop
  endfacet
  facet normal -1.588158e-001 4.364271e-001 -8.856122e-001
    outer loop
      vertex  -1.982272e-001 4.542618e-001 -8.685345e-001
      vertex  -1.197555e-001 4.608816e-001 -8.793445e-001
      vertex  -1.610064e-001 3.941362e-001 -9.048390e-001
    endloop
  endfacet
  facet normal 1.588158e-001 4.364271e-001 -8.856122e-001
    outer loop
      vertex  1.197555e-001 4.608816e-001 -8.793445e-001
      vertex  1.982272e-001 4.542618e-001 -8.685345e-001
      vertex  1.610064e-001 3.941362e-001 -9.048390e-001
    endloop
  endfacet
  facet normal -0.000000e+000 -1.794575e-001 -9.837657e-001
    outer loop
      vertex  4.125091e-002 -2.003678e-001 -9.788520e-001
      vertex  -4.125091e-002 -2.003678e-001 -9.788520e-001
      vertex  0.000000e+000 -1.335234e-001 -9.910457e-001
    endloop
  endfacet
  facet normal 1.588158e-001 -4.364271e-001 -8.856122e-001
    outer loop
      vertex  1.982272e-001 -4.542618e-001 -8.685345e-001
      vertex  1.197555e-001 -4.608816e-001 -8.793445e-001
      vertex  1.610064e-001 -3.941362e-001 -9.048390e-001
    endloop
  endfacet
  facet normal -1.588158e-001 -4.364271e-001 -8.856122e-001
    outer loop
      vertex  -1.197555e-001 -4.608816e-001 -8.793445e-001
      vertex  -1.982272e-001 -4.542618e-001 -8.685345e-001
      vertex  -1.610064e-001 -3.941362e-001 -9.048390e-001
    endloop
  endfacet
  facet normal 4.491847e-001 5.473391e-001 7.061538e-001
    outer loop
      vertex  4.852083e-001 5.179704e-001 7.044712e-001
      vertex  4.439574e-001 5.847157e-001 6.789767e-001
      vertex  4.142727e-001 5.367839e-001 7.350110e-001
    endloop
  endfacet
  facet normal 7.061552e-001 4.491838e-001 5.473379e-001
    outer loop
      vertex  7.350110e-001 4.142727e-001 5.367838e-001
      vertex  7.044712e-001 4.852083e-001 5.179704e-001
      vertex  6.789768e-001 4.439574e-001 5.847157e-001
    endloop
  endfacet
  facet normal 5.473375e-001 7.061552e-001 4.491843e-001
    outer loop
      vertex  5.847157e-001 6.789768e-001 4.439574e-001
      vertex  5.367838e-001 7.350110e-001 4.142727e-001
      vertex  5.179703e-001 7.044712e-001 4.852083e-001
    endloop
  endfacet
  facet normal -5.473375e-001 7.061552e-001 4.491843e-001
    outer loop
      vertex  -5.847157e-001 6.789768e-001 4.439574e-001
      vertex  -5.179703e-001 7.044712e-001 4.852083e-001
      vertex  -5.367838e-001 7.350110e-001 4.142727e-001
    endloop
  endfacet
  facet normal -7.061552e-001 4.491838e-001 5.473379e-001
    outer loop
      vertex  -7.350110e-001 4.142727e-001 5.367838e-001
      vertex  -6.789768e-001 4.439574e-001 5.847157e-001
      vertex  -7.044712e-001 4.852083e-001 5.179704e-001
    endloop
  endfacet
  facet normal -4.491847e-001 5.473391e-001 7.061538e-001
    outer loop
      vertex  -4.852083e-001 5.179704e-001 7.044712e-001
      vertex  -4.142727e-001 5.367839e-001 7.350110e-001
      vertex  -4.439574e-001 5.847157e-001 6.789767e-001
    endloop
  endfacet
  facet normal 5.473375e-001 7.061552e-001 -4.491843e-001
    outer loop
      vertex  5.847157e-001 6.789768e-001 -4.439574e-001
      vertex  5.179703e-001 7.044712e-001 -4.852083e-001
      vertex  5.367838e-001 7.350110e-001 -4.142727e-001
    endloop
  endfacet
  facet normal 7.061552e-001 4.491838e-001 -5.473379e-001
    outer loop
      vertex  7.350110e-001 4.142727e-001 -5.367838e-001
      vertex  6.789768e-001 4.439574e-001 -5.847157e-001
      vertex  7.044712e-001 4.852083e-001 -5.179704e-001
    endloop
  endfacet
  facet normal 4.491847e-001 5.473391e-001 -7.061538e-001
    outer loop
      vertex  4.852083e-001 5.179704e-001 -7.044712e-001
      vertex  4.142727e-001 5.367839e-001 -7.350110e-001
      vertex  4.439574e-001 5.847157e-001 -6.789767e-001
    endloop
  endfacet
  facet normal -4.491847e-001 5.473391e-001 -7.061538e-001
    outer loop
      vertex  -4.852083e-001 5.179704e-001 -7.044712e-001
      vertex  -4.439574e-001 5.847157e-001 -6.789767e-001
      vertex  -4.142727e-001 5.367839e-001 -7.350110e-001
    endloop
  endfacet
  facet normal -7.061552e-001 4.491838e-001 -5.473379e-001
    outer loop
      vertex  -7.350110e-001 4.142727e-001 -5.367838e-001
      vertex  -7.044712e-001 4.852083e-001 -5.179704e-001
      vertex  -6.789768e-001 4.439574e-001 -5.847157e-001
    endloop
  endfacet
  facet normal -5.473375e-001 7.061552e-001 -4.491843e-001
    outer loop
      vertex  -5.847157e-001 6.789768e-001 -4.439574e-001
      vertex  -5.367838e-001 7.350110e-001 -4.142727e-001
      vertex  -5.179703e-001 7.044712e-001 -4.852083e-001
    endloop
  endfacet
  facet normal 5.473375e-001 -7.061552e-001 4.491843e-001
    outer loop
      vertex  5.847157e-001 -6.789768e-001 4.439574e-001
      vertex  5.179703e-001 -7.044712e-001 4.852083e-001
      vertex  5.367838e-001 -7.350110e-001 4.142727e-001
    endloop
  endfacet
  facet normal 7.061552e-001 -4.491838e-001 5.473379e-001
    outer loop
      vertex  7.350110e-001 -4.142727e-001 5.367838e-001
      vertex  6.789768e-001 -4.439574e-001 5.847157e-001
      vertex  7.044712e-001 -4.852083e-001 5.179704e-001
    endloop
  endfacet
  facet normal 4.491847e-001 -5.473391e-001 7.061538e-001
    outer loop
      vertex  4.852083e-001 -5.179704e-001 7.044712e-001
      vertex  4.142727e-001 -5.367839e-001 7.350110e-001
      vertex  4.439574e-001 -5.847157e-001 6.789767e-001
    endloop
  endfacet
  facet normal -4.491847e-001 -5.473391e-001 7.061538e-001
    outer loop
      vertex  -4.852083e-001 -5.179704e-001 7.044712e-001
      vertex  -4.439574e-001 -5.847157e-001 6.789767e-001
      vertex  -4.142727e-001 -5.367839e-001 7.350110e-001
    endloop
  endfacet
  facet normal -7.061552e-001 -4.491838e-001 5.473379e-001
    outer loop
      vertex  -7.350110e-001 -4.142727e-001 5.367838e-001
      vertex  -7.044712e-001 -4.852083e-001 5.179704e-001
      vertex  -6.789768e-001 -4.439574e-001 5.847157e-001
    endloop
  endfacet
  facet normal -5.473375e-001 -7.061552e-001 4.491843e-001
    outer loop
      vertex  -5.847157e-001 -6.789768e-001 4.439574e-001
      vertex  -5.367838e-001 -7.350110e-001 4.142727e-001
      vertex  -5.179703e-001 -7.044712e-001 4.852083e-001
    endloop
  endfacet
  facet normal 4.491847e-001 -5.473391e-001 -7.061538e-001
    outer loop
      vertex  4.852083e-001 -5.179704e-001 -7.044712e-001
      vertex  4.439574e-001 -5.847157e-001 -6.789767e-001
      vertex  4.142727e-001 -5.367839e-001 -7.350110e-001
    endloop
  endfacet
  facet normal 7.061552e-001 -4.491838e-001 -5.473379e-001
    outer loop
      vertex  7.350110e-001 -4.142727e-001 -5.367838e-001
      vertex  7.044712e-001 -4.852083e-001 -5.179704e-001
      vertex  6.789768e-001 -4.439574e-001 -5.847157e-001
    endloop
  endfacet
  facet normal 5.473375e-001 -7.061552e-001 -4.491843e-001
    outer loop
      vertex  5.847157e-001 -6.789768e-001 -4.439574e-001
      vertex  5.367838e-001 -7.350110e-001 -4.142727e-001
      vertex  5.179703e-001 -7.044712e-001 -4.852083e-001
    endloop
  endfacet
  facet normal -5.473375e-001 -7.061552e-001 -4.491843e-001
    outer loop
      vertex  -5.847157e-001 -6.789768e-001 -4.439574e-001
      vertex  -5.179703e-001 -7.044712e-001 -4.852083e-001
      vertex  -5.367838e-001 -7.350110e-001 -4.142727e-001
    endloop
  endfacet
  facet normal -7.061552e-001 -4.491838e-001 -5.473379e-001
    outer loop
      vertex  -7.350110e-001 -4.142727e-001 -5.367838e-001
      vertex  -6.789768e-001 -4.439574e-001 -5.847157e-001
      vertex  -7.044712e-001 -4.852083e-001 -5.179704e-001
    endloop
  endfacet
  facet normal -4.491847e-001 -5.473391e-001 -7.061538e-001
    outer loop
      vertex  -4.852083e-001 -5.179704e-001 -7.044712e-001
      vertex  -4.142727e-001 -5.367839e-001 -7.350110e-001
      vertex  -4.439574e-001 -5.847157e-001 -6.789767e-001
    endloop
  endfacet
  facet normal 9.085397e-002 9.061699e-001 -4.130397e-001
    outer loop
      vertex  6.598835e-002 9.219187e-001 -3.817215e-001
      vertex  1.317487e-001 8.968005e-001 -4.223636e-001
      vertex  6.581691e-002 8.929267e-001 -4.453651e-001
    endloop
  endfacet
  facet normal 9.135044e-002 9.852304e-001 -1.448321e-001
    outer loop
      vertex  6.670939e-002 9.916476e-001 -1.103850e-001
      vertex  1.332564e-001 9.794261e-001 -1.515489e-001
      vertex  6.660440e-002 9.814831e-001 -1.795959e-001
    endloop
  endfacet
  facet normal 3.472156e-001 8.874982e-001 -3.029658e-001
    outer loop
      vertex  3.259290e-001 9.058319e-001 -2.706271e-001
      vertex  3.859061e-001 8.697253e-001 -3.076594e-001
      vertex  3.248635e-001 8.828369e-001 -3.392088e-001
    endloop
  endfacet
  facet normal 9.135044e-002 9.852304e-001 1.448321e-001
    outer loop
      vertex  6.660440e-002 9.814831e-001 1.795959e-001
      vertex  1.332564e-001 9.794261e-001 1.515489e-001
      vertex  6.670939e-002 9.916476e-001 1.103850e-001
    endloop
  endfacet
  facet normal 9.085394e-002 9.061699e-001 4.130396e-001
    outer loop
      vertex  6.581691e-002 8.929267e-001 4.453651e-001
      vertex  1.317487e-001 8.968005e-001 4.223636e-001
      vertex  6.598835e-002 9.219187e-001 3.817215e-001
    endloop
  endfacet
  facet normal 3.472156e-001 8.874982e-001 3.029658e-001
    outer loop
      vertex  3.248635e-001 8.828369e-001 3.392088e-001
      vertex  3.859061e-001 8.697253e-001 3.076594e-001
      vertex  3.259290e-001 9.058319e-001 2.706271e-001
    endloop
  endfacet
  facet normal 5.815585e-001 7.979871e-001 -1.581335e-001
    outer loop
      vertex  5.711402e-001 8.121695e-001 -1.190782e-001
      vertex  6.154557e-001 7.718406e-001 -1.596129e-001
      vertex  5.645128e-001 8.015037e-001 -1.972744e-001
    endloop
  endfacet
  facet normal 5.815585e-001 7.979871e-001 1.581335e-001
    outer loop
      vertex  5.645128e-001 8.015037e-001 1.972744e-001
      vertex  6.154557e-001 7.718406e-001 1.596129e-001
      vertex  5.711402e-001 8.121695e-001 1.190782e-001
    endloop
  endfacet
  facet normal 7.591665e-001 6.508964e-001 0.000000e+000
    outer loop
      vertex  7.493870e-001 6.608838e-001 4.064210e-002
      vertex  7.864326e-001 6.176760e-001 0.000000e+000
